(base) qasimwani@MacBook-Pro code % python test.py -IS=false
100%|████████████████████████████████████████████| 5/5 [10:11<00:00, 122.22s/it]
lasso function:
Train:
[0.00020201294562336109, 0.00022295973134470328, 0.0004240749737412037, 0.0014822499999999983, 0.013340249999999883, 0.012320999999999948, 0.001024000000000002, 0.00011024999999999903, 0.00024024999999999527]
Test:
[25.82609509630969, 0.00011838252188861584, 16.521744123491228, 0.030675250000000195, 0.014713250000000044, 0.0005544999999999724, 0.001862499999999996, 0.018934249999999816, 0.0009302499999999575]


lr function:
Train:
[1.5777218104420236e-28, 2.271919407036514e-28, 1.5777218104420236e-28, 3.944304526105059e-31, 9.860761315262648e-30, 1.9721522630525295e-30, 7.888609052210118e-31, 3.944304526105059e-31, 7.888609052210118e-31]
Test:
[19.28995554489533, 0.017653541651140397, 112.50830361115004, 0.015646714095057662, 0.044155530031132276, 0.017448110951703212, 0.0032369178422510586, 0.004254748618233146, 0.020470886787654723]


maml function:
Train:
[0.0063153248356695914, 5.188260066930258e-05, 0.00023558983065299156, 1.4376872141688297e-15, 1.3917887697834761e-15, 4.80600629923277e-15, 0.0, 1.5558352834238244e-14, 3.413292500898567e-15]
Test:
[2.022490861652592, 0.0024803070544995197, 9.047896622510093, 0.029254266577545762, 0.004627750395747801, 0.0030300572679639983, 0.0012478057764573267, 0.24066013627503915, 0.005046220798557712]


poly function:
Train:
[7.588841908226134e-28, 9.860761315262648e-30, 5.462861768655507e-28, 1.5777218104420236e-30, 0.0, 0.0, 0.0, 7.888609052210118e-31, 3.944304526105059e-31]
Test:
[17.400360127887314, 0.003198311028717277, 31.01320569223035, 0.011786805554094199, 0.11020408983377478, 0.0012261882261143523, 0.005941049227623804, 0.014758197789738284, 0.01288101492446061]


ridge function:
Train:
[1.4369707628555648e-05, 1.5757843084785844e-05, 4.070073622924833e-05, 0.0017058727902429264, 0.0070699432082374156, 0.00556487154236604, 0.0005945496690510455, 0.003394186714490287, 2.4851384294157014e-07]
Test:
[23.444138253321242, 0.0011257743253758462, 37.311875593912546, 0.0001114974402366861, 0.002540599211396052, 0.009365139390663657, 0.004796251071964376, 0.0010238019202827176, 0.0005263019186919715]


(base) qasimwani@MacBook-Pro code % 
